                   1924

      January               February
Su Mo Tu We Th Fr Sa  Su Mo Tu We Th Fr Sa
       1  2  3  4  5                  1  2
 6  7  8  9 10 11 12   3  4  5  6  7  8  9
13 14 15 16 17 18 19  10 11 12 13 14 15 16
20 21 22 23 24 25 26  17 18 19 20 21 22 23
27 28 29 30 31        24 25 26 27 28 29

       March                 April
Su Mo Tu We Th Fr Sa  Su Mo Tu We Th Fr Sa
                   1         1  2  3  4  5
 2  3  4  5  6  7  8   6  7  8  9 10 11 12
 9 10 11 12 13 14 15  13 14 15 16 17 18 19
16 17 18 19 20 21 22  20 21 22 23 24 25 26
23 24 25 26 27 28 29  27 28 29 30
30 31

        May                   June
Su Mo Tu We Th Fr Sa  Su Mo Tu We Th Fr Sa
             1  2  3   1  2  3  4  5  6  7
 4  5  6  7  8  9 10   8  9 10 11 12 13 14
11 12 13 14 15 16 17  15 16 17 18 19 20 21
18 19 20 21 22 23 24  22 23 24 25 26 27 28
25 26 27 28 29 30 31  29 30

        July                 August
Su Mo Tu We Th Fr Sa  Su Mo Tu We Th Fr Sa
       1  2  3  4  5                  1  2
 6  7  8  9 10 11 12   3  4  5  6  7  8  9
13 14 15 16 17 18 19  10 11 12 13 14 15 16
20 21 22 23 24 25 26  17 18 19 20 21 22 23
27 28 29 30 31        24 25 26 27 28 29 30
                      31

     September              October
Su Mo Tu We Th Fr Sa  Su Mo Tu We Th Fr Sa
    1  2  3  4  5  6            1  2  3  4
 7  8  9 10 11 12 13   5  6  7  8  9 10 11
14 15 16 17 18 19 20  12 13 14 15 16 17 18
21 22 23 24 25 26 27  19 20 21 22 23 24 25
28 29 30              26 27 28 29 30 31

      November              December
Su Mo Tu We Th Fr Sa  Su Mo Tu We Th Fr Sa
                   1      1  2  3  4  5  6
 2  3  4  5  6  7  8   7  8  9 10 11 12 13
 9 10 11 12 13 14 15  14 15 16 17 18 19 20
16 17 18 19 20 21 22  21 22 23 24 25 26 27
23 24 25 26 27 28 29  28 29 30 31
30

